239 549
549 26677
549 22652
549 3223
549 1403
549 802
549 10265
549 11628
549 11851
549 13733
549 19350
549 19925
549 26996
549 30045
549 32156
549 46626
549 53566
549 54070
549 63327
549 393877
271 6509
271 22652
271 55185
271 36000
271 33314
271 6327
271 852
271 63213
271 4476
271 11105
271 13764
271 16462
271 36391
271 62692
271 393249
271 393966
271 394971
271 395064
271 395807
271 395991
271 397375
271 397543
6509 376
6509 611
6509 26677
6509 10972
6509 8111
6509 26806
6509 7860
6509 10965
6509 15296
6509 7885
6509 53904
22652 376
22652 577
22652 803
22652 812
22652 819
22652 835
22652 852
22652 1403
22652 1824
22652 2568
22652 3300
22652 3367
22652 4455
22652 4469
22652 4508
22652 4540
22652 5645
22652 5664
22652 5690
22652 5769
22652 6327
22652 6391
22652 6407
22652 7057
22652 7311
22652 7794
22652 7992
22652 10929
22652 10996
22652 11043
22652 11084
22652 11260
22652 11287
22652 11290
22652 11342
22652 11435
22652 11522
22652 11635
22652 11647
22652 11666
22652 11814
22652 12059
22652 12212
22652 13213
22652 13319
22652 13360
22652 13469
22652 13657
22652 13727
22652 13768
22652 13794
22652 13851
22652 14442
22652 14453
22652 14500
22652 14642
22652 15024
22652 15067
22652 15128
22652 15348
22652 16164
22652 16532
22652 16696
22652 16866
22652 16949
22652 18650
22652 18988
22652 18997
22652 19171
22652 19465
22652 19515
22652 19523
22652 19662
22652 19752
22652 19850
22652 20063
22652 20161
22652 21723
22652 21804
22652 21949
22652 22639
22652 33185
22652 53732
22652 54643
22652 398482
22652 34854
22652 40788
22652 396472
22652 398764
22652 400113
22652 33361
22652 32678
22652 36493
22652 22995
22652 29909
22652 26677
22652 394256
22652 40864
22652 54632
22652 33541
22652 394233
22652 394678
22652 54002
22652 40470
22652 25180
22652 398717
22652 62240
22652 46525
22652 394501
22652 399226
22652 30549
22652 40028
22652 399760
22652 54614
22652 395127
22652 46320
22652 395768
22652 399279
22652 54527
22652 23252
22652 63131
22652 46091
22652 30176
22652 53338
22652 36666
22652 32277
22652 33139
22652 40029
22652 36445
22652 30528
22652 33549
22652 33130
22652 26288
22652 25914
22652 394354
22652 32613
22652 53791
22652 46195
22652 36731
22652 394840
22652 54137
22652 35998
22652 62563
22652 54182
22652 40867
22652 25668
22652 53486
22652 53525
22652 63052
22652 53589
22652 399494
22652 29974
22652 36518
22652 400687
22652 26523
22652 40449
22652 55195
22652 34465
22652 396984
22652 54351
22652 62512
22652 27299
22652 397168
22652 54652
22652 46872
22652 27324
22652 32489
22652 55222
22652 397545
22652 46156
22652 53913
22652 25948
22652 394745
22652 51329
22652 26531
22652 399647
22652 47027
22652 393990
22652 63419
22652 33044
22652 30539
22652 36255
22652 62782
22652 44444
22652 36218
22652 394710
22652 54164
22652 26838
22652 22964
22652 23471
22652 25826
22652 26357
22652 26516
22652 27164
22652 29820
22652 29861
22652 29931
22652 30180
22652 30236
22652 32735
22652 33209
22652 33256
22652 33705
22652 36068
22652 36354
22652 40108
22652 40224
22652 40424
22652 40478
22652 40563
22652 46095
22652 46720
22652 46861
22652 53798
22652 54175
22652 54198
22652 54233
22652 54875
22652 55021
22652 55022
22652 62875
22652 63134
22652 63278
22652 64258
22652 393879
22652 394232
22652 394277
22652 394332
22652 394385
22652 395075
22652 395200
22652 395219
22652 395759
22652 395766
22652 395771
22652 395997
22652 396946
22652 397033
22652 397474
22652 397573
22652 397617
22652 398061
22652 398696
22652 398734
22652 398833
22652 398839
22652 398890
22652 398959
22652 398995
22652 400100
22652 400486
22652 400588
55185 13768
36000 852
36000 6327
6327 1403
6327 2735
6327 3359
6327 3633
6327 5071
6327 5110
6327 6171
6327 9002
6327 394347
6327 396045
6327 25668
6327 7311
6327 10482
6327 10980
6327 11257
6327 11814
6327 11831
6327 13845
6327 13911
6327 14027
6327 14500
6327 14820
6327 14873
6327 14965
6327 15102
6327 15158
6327 15296
6327 15830
6327 16569
6327 16583
6327 16623
6327 16696
6327 16796
6327 17001
6327 17181
6327 17300
6327 18451
6327 18638
6327 19016
6327 19041
6327 19053
6327 19171
6327 19220
6327 19286
6327 19351
6327 19423
6327 19432
6327 19566
6327 19968
6327 20119
6327 20161
6327 20365
6327 21533
6327 21671
6327 21723
6327 21774
6327 21804
6327 22423
6327 22424
6327 22512
6327 22623
6327 23229
6327 25635
6327 25872
6327 25999
6327 26025
6327 26361
6327 26574
6327 26753
6327 26871
6327 27275
6327 27628
6327 30158
6327 30381
6327 30400
6327 30500
6327 30580
6327 30648
6327 32245
6327 32247
6327 32521
6327 32738
6327 32856
6327 33091
6327 33096
6327 33541
6327 36068
6327 36273
6327 36337
6327 36479
6327 36534
6327 36698
6327 40119
6327 40202
6327 40282
6327 40438
6327 40473
6327 40814
6327 40854
6327 40915
6327 40949
6327 46184
6327 46300
6327 46383
6327 46539
6327 46737
6327 46877
6327 46882
6327 46920
6327 47023
6327 51329
6327 53342
6327 53359
6327 53403
6327 53443
6327 53714
6327 53904
6327 53987
6327 54182
6327 54198
6327 54296
6327 54453
6327 54477
6327 54527
6327 54605
6327 54614
6327 54807
6327 54841
6327 54877
6327 54937
6327 55017
6327 55101
6327 62589
6327 62758
6327 62993
6327 63004
6327 63052
6327 63297
6327 63419
6327 205855
6327 393242
6327 393607
6327 393891
6327 393990
6327 394006
6327 394097
6327 394366
6327 394410
6327 394422
6327 395156
6327 395338
6327 395449
6327 395660
6327 396005
6327 396367
6327 396374
6327 396420
6327 397130
6327 397433
6327 397569
6327 397728
6327 397771
6327 398211
6327 398666
6327 398898
6327 398909
6327 398983
6327 399098
6327 399228
6327 399279
6327 399537
6327 399580
6327 399690
6327 399775
6327 399930
6327 400030
6327 400133
852 808
852 1403
852 13768
852 857
852 1633
852 2735
852 3633
852 3766
852 5110
852 5788
852 6171
852 7311
852 7861
852 10329
852 11257
852 11435
852 11489
852 11507
852 11700
852 13911
852 14007
852 14453
852 14663
852 14731
852 14817
852 14820
852 14873
852 14875
852 14908
852 15052
852 15128
852 15160
852 16580
852 16583
852 16598
852 16623
852 16624
852 16696
852 16949
852 17181
852 17371
852 18587
852 18875
852 19171
852 19220
852 19276
852 19286
852 19351
852 19402
852 19662
852 19848
852 19935
852 19968
852 20010
852 21723
852 22113
852 22339
852 22457
852 22684
852 22784
852 23181
852 23217
852 23299
852 23419
852 25689
852 25999
852 26037
852 26221
852 26753
852 30236
852 30295
852 30348
852 30400
852 30500
852 31931
852 32521
852 32536
852 32659
852 36205
852 36534
852 36817
852 40202
852 40206
852 40438
852 40727
852 40808
852 46300
852 46630
852 46920
852 46959
852 53403
852 53583
852 53714
852 53987
852 54442
852 54461
852 54719
852 54842
852 54877
852 62525
852 62969
852 63035
852 63236
852 393242
852 393659
852 393686
852 393891
852 394347
852 394410
852 395200
852 395338
852 395399
852 395543
852 395600
852 395761
852 395817
852 396110
852 396125
852 396129
852 396374
852 396475
852 397023
852 397070
852 397130
852 397147
852 397188
852 397421
852 397771
852 397829
852 397896
852 397944
852 398087
852 398425
852 398568
852 398812
852 398839
852 398898
852 398983
852 399016
852 399537
852 399688
852 400030
852 400170
852 400438
852 400588
63213 19120
63213 19662
63213 25820
63213 39962
63213 54527
63213 54643
63213 394256
376 1403
376 566
376 806
376 11032
376 11489
376 13552
376 13942
376 15318
376 22953
376 31930
376 32555
376 33510
376 33602
376 36786
376 53319
376 53437
376 54760
376 54783
376 395899
376 400815
1403 577
1403 803
1403 819
1403 835
1403 32678
1403 19382
1403 46525
1403 10929
1403 400113
1403 16696
1403 16949
1403 19523
1403 33541
1403 40224
1403 399226
1403 11260
1403 22995
1403 21804
1403 40864
1403 396984
1403 394233
1403 394678
1403 398764
1403 7992
1403 40470
1403 19465
1403 11290
1403 3300
1403 13794
1403 11635
1403 54002
1403 5645
1403 53732
1403 394367
1403 33185
1403 26677
1403 21949
1403 393457
1403 33361
1403 7794
1403 394501
1403 13768
1403 4508
1403 54614
1403 11287
1403 21723
1403 398717
1403 11814
1403 394232
1403 398482
1403 30549
1403 40788
1403 3367
1403 36493
1403 36225
1403 19850
1403 13319
1403 26413
1403 30176
1403 13657
1403 54182
1403 12212
1403 32277
1403 7311
1403 46320
1403 395127
1403 13727
1403 63131
1403 47027
1403 33139
1403 54198
1403 23252
1403 53338
1403 395768
1403 46091
1403 40028
1403 4540
1403 5690
1403 36666
1403 399760
1403 4455
1403 26288
1403 11077
1403 62563
1403 18997
1403 11342
1403 11647
1403 15128
1403 33549
1403 30528
1403 6407
1403 53791
1403 15024
1403 11666
1403 25914
1403 22639
1403 63134
1403 16532
1403 36445
1403 33554
1403 19752
1403 33130
1403 19515
1403 14453
1403 20161
1403 14500
1403 394840
1403 11084
1403 46195
1403 13851
1403 36518
1403 53525
1403 29974
1403 11522
1403 13895
1403 10996
1403 40867
1403 53589
1403 35998
1403 399494
1403 36731
1403 53486
1403 400687
1403 7057
1403 5664
1403 55195
1403 62512
1403 40449
1403 27299
1403 397545
1403 32563
1403 394354
1403 32489
1403 55222
1403 23419
1403 53913
1403 17328
1403 26523
1403 54351
1403 46156
1403 27324
1403 399647
1403 26531
1403 395075
1403 25948
1403 394745
1403 51329
1403 53494
1403 63419
1403 44444
1403 36218
1403 22964
1403 393990
1403 19467
1403 54044
1403 33044
1403 11468
1403 30539
1403 62782
1403 25946
1403 54164
1403 394710
1403 12059
1403 393424
1403 14086
806 11079
542 15290
542 15296
15290 4470
15290 5743
15290 6401
15290 7734
15290 10264
15290 10808
15290 11342
15290 11628
15290 12010
15290 14642
15290 14875
15290 23015
15290 15348
15290 16949
15290 17159
15290 17397
15290 18563
15290 18587
15290 18968
15290 19171
15290 20045
15290 21570
15290 21867
15290 22863
15290 23181
15290 25797
15290 26035
15290 26567
15290 26753
15290 27265
15290 27293
15290 29731
15290 30409
15290 30559
15290 31765
15290 32564
15290 35938
15290 35964
15290 36698
15290 40870
15290 46129
15290 46156
15290 46195
15290 46612
15290 53442
15290 53737
15290 53800
15290 54085
15290 54587
15290 54719
15290 55267
15290 63411
15290 393952
15290 395262
15290 396367
15290 397344
15290 399035
15290 400343
15296 577
15296 3359
15296 11257
15296 11507
15296 14426
15296 16623
15296 33091
15296 36534
15296 53403
15296 25635
15296 46184
15296 395156
15296 26037
15296 22512
15296 40119
15296 16569
15296 19423
15296 33096
15296 27623
15296 16580
15296 25925
15296 54520
15296 393468
15296 393810
26677 819
26677 5664
26677 11700
26677 11703
26677 14661
26677 15158
26677 16475
26677 18621
26677 19737
26677 19764
26677 22766
26677 23237
26677 25728
26677 26071
26677 29773
26677 33389
26677 30638
26677 30713
26677 31782
26677 31886
26677 31983
26677 32157
26677 32250
26677 32347
26677 32638
26677 32756
26677 32762
26677 32817
26677 32820
26677 46477
26677 46757
26677 395262
26677 395704
26677 399825
3223 5413
3223 9002
3223 200904
3223 12488
3223 16353
3223 20068
3223 20915
3223 31463
3223 31708
3223 34931
3223 41495
3223 47704
3223 48254
3223 49683
3223 50300
3223 59778
3223 60426
3223 60800
3223 198736
3223 201277
3223 201933
3223 201971
3223 203346
3223 203443
3223 209015
577 5645
577 11260
577 33554
577 4199
577 803
577 855
577 1604
577 1730
577 1824
577 2568
577 3411
577 3804
577 3848
577 3958
577 4540
577 5071
577 5743
577 5788
577 7122
577 7312
577 7734
577 10264
577 10808
577 10929
577 11031
577 11239
577 11342
577 11522
577 11814
577 11831
577 11918
577 12132
577 12212
577 13319
577 13468
577 13727
577 13845
577 14007
577 14112
577 14152
577 14240
577 14453
577 14476
577 14836
577 14894
577 14933
577 15000
577 15127
577 15160
577 15321
577 15830
577 16438
577 16487
577 16532
577 16624
577 16751
577 17328
577 17371
577 18588
577 18637
577 19171
577 19432
577 19737
577 19842
577 20010
577 20045
577 20063
577 20371
577 21433
577 21552
577 21723
577 21867
577 21949
577 22113
577 22457
577 22491
577 22573
577 22639
577 22910
577 23217
577 23229
577 23419
577 25689
577 25706
577 25797
577 25925
577 25946
577 26221
577 26288
577 26856
577 26884
577 27181
577 27293
577 29807
577 29974
577 30048
577 30295
577 30336
577 30348
577 32006
577 32347
577 32564
577 32586
577 32678
577 32856
577 33096
577 33374
577 33389
577 33610
577 35911
577 36205
577 36225
577 36235
577 36255
577 36354
577 36452
577 36522
577 36543
577 36817
577 40108
577 40280
577 40282
577 40304
577 40424
577 40560
577 40727
577 40884
577 40895
577 46135
577 46482
577 46541
577 46872
577 46959
577 53564
577 53583
577 53618
577 53625
577 53829
577 53910
577 54085
577 54137
577 54182
577 54307
577 54353
577 54368
577 54397
577 54614
577 54788
577 54826
577 54915
577 54916
577 55021
577 55254
577 62525
577 62770
577 62921
577 63131
577 63278
577 64258
577 139323
577 200961
577 393311
577 393457
577 393468
577 393735
577 393932
577 393952
577 394273
577 394367
577 394520
577 394567
577 394958
577 394974
577 395127
577 395198
577 395272
577 395387
577 395399
577 395479
577 395482
577 395544
577 395677
577 395704
577 395817
577 395913
577 396110
577 396306
577 396486
577 397168
577 397344
577 397372
577 397468
577 397687
577 397829
577 398061
577 398115
577 398262
577 398721
577 398954
577 399035
577 399376
577 399680
577 399690
577 399743
5645 11439
5645 14659
5645 21570
5645 32881
5645 33361
5645 40568
5645 53414
11260 611
11260 933
11260 1634
11260 6579
11260 7860
11260 7950
11260 8111
11260 22799
11260 11468
11260 14965
11260 18814
11260 21564
11260 21659
11260 22372
11260 22393
11260 22636
11260 23307
11260 26233
11260 29939
11260 33056
11260 33230
11260 36689
11260 40439
11260 47027
11260 53356
11260 53913
11260 54658
11260 63019
11260 394430
11260 394846
11260 397545
11260 397888
11260 398006
11260 398182
11260 400075
33554 13895
33554 14066
33554 33361
33554 46430
33554 53494
4199 4205
611 855
855 8111
855 11468
855 17170
855 18814
855 21433
855 21853
855 22372
855 26523
855 29907
855 32441
855 32747
855 33056
855 36004
855 40439
855 40575
855 53455
855 53868
855 62772
855 394015
855 395431
855 398006
786 5413
786 9002
786 57907
786 8851
786 15770
786 29212
786 29626
786 31256
786 33967
786 35832
786 44369
786 44403
786 44442
786 49728
786 51704
786 52215
786 56670
786 60187
786 60282
786 196902
786 198222
786 198863
786 198864
786 199131
786 199713
786 201773
786 202575
786 204486
786 206490
786 207039
786 209198
786 209237
5413 2818
5413 2856
5413 3170
5413 3213
5413 5400
5413 39326
5413 12390
5413 20860
5413 6908
5413 25369
5413 13768
5413 9002
5413 50300
5413 21472
5413 45014
5413 41095
5413 20712
5413 8943
5413 25577
5413 8468
5413 51561
5413 31727
5413 44684
5413 30844
5413 15830
5413 13285
5413 51043
5413 25180
5413 15412
5413 8220
5413 21396
5413 61081
5413 51945
5413 31655
5413 5607
5413 31708
5413 8426
5413 8330
5413 42689
5413 24916
5413 8607
5413 16082
5413 34790
5413 29550
5413 49375
5413 5564
5413 20799
5413 31472
5413 21371
5413 8851
5413 13122
5413 198781
5413 31463
5413 41811
5413 13037
5413 61124
5413 35266
5413 51551
5413 34442
5413 33920
5413 13009
5413 6894
5413 35228
5413 51918
5413 44444
5413 12576
5413 29668
5413 15773
5413 39202
5413 34270
5413 28792
5413 25376
5413 5631
5413 197669
5413 198554
5413 199131
5413 201126
5413 59439
5413 21267
5413 42353
5413 33854
5413 24594
5413 61012
5413 5459
5413 8791
5413 41000
5413 8683
5413 8613
5413 41383
5413 41538
5413 56644
5413 197320
5413 202364
5413 206467
9002 2818
9002 2856
9002 3213
9002 3252
9002 3300
9002 5400
9002 5459
9002 5503
9002 5607
9002 5631
9002 5769
9002 6908
9002 7311
9002 8220
9002 8426
9002 8607
9002 8683
9002 8851
9002 8902
9002 39326
9002 25180
9002 30844
9002 16082
9002 31727
9002 20860
9002 44684
9002 24916
9002 15412
9002 12576
9002 21396
9002 13768
9002 21949
9002 29006
9002 25577
9002 50300
9002 29017
9002 42689
9002 13285
9002 12390
9002 12703
9002 20712
9002 31708
9002 15830
9002 45014
9002 20799
9002 13037
9002 25160
9002 25668
9002 34555
9002 16353
9002 51945
9002 29550
9002 34790
9002 29611
9002 51185
9002 13122
9002 35228
9002 25061
9002 55195
9002 33920
9002 29009
9002 51918
9002 13005
9002 39202
9002 28757
9002 61049
9002 34270
9002 30827
9002 31445
9002 29452
9002 29527
9002 201126
9002 24594
9002 61215
9002 394354
9002 200052
9002 21099
9002 21433
9002 25462
9002 41495
9002 47716
9002 47890
9002 49313
9002 49661
9002 51498
9002 58349
9002 59660
9002 60064
9002 60922
9002 61337
9002 197040
9002 200473
9002 204045
9002 209181
9002 209447
9002 210203
57907 8468
57907 25577
57907 211067
803 1043
803 1085
803 10980
803 11568
803 14336
803 17300
803 18968
803 26206
803 27628
803 30324
803 30580
803 36479
803 40814
803 46612
803 393598
803 393607
803 394366
803 397320
803 397894
803 398008
803 399844
812 399405
812 399680
812 40028
812 21723
812 1730
812 3411
812 3602
812 4469
812 6562
812 8160
812 10264
812 11084
812 11468
812 12021
812 12093
812 13948
812 14008
812 14456
812 14472
812 14476
812 15122
812 16583
812 16624
812 16730
812 16751
812 17170
812 17353
812 18621
812 19351
812 19523
812 19900
812 19915
812 20237
812 21433
812 21533
812 21659
812 21722
812 22113
812 22910
812 22950
812 23197
812 26035
812 26233
812 26523
812 26574
812 26788
812 26856
812 29773
812 29883
812 29974
812 29988
812 30147
812 30236
812 30323
812 30355
812 30500
812 30529
812 30559
812 31765
812 32277
812 32705
812 33374
812 33541
812 35843
812 35938
812 35964
812 36004
812 36256
812 36731
812 40337
812 40383
812 40758
812 40867
812 40884
812 46135
812 46383
812 46482
812 46525
812 46541
812 46546
812 46554
812 46872
812 47027
812 47035
812 53539
812 53618
812 53868
812 54412
812 54442
812 54655
812 54826
812 54910
812 54915
812 54916
812 55124
812 62770
812 62772
812 63004
812 63359
812 63385
812 393994
812 394284
812 394567
812 394667
812 394715
812 394840
812 394958
812 394974
812 395322
812 395386
812 395479
812 395543
812 395677
812 395759
812 395913
812 396486
812 396510
812 397136
812 397264
812 397433
812 397468
812 397570
812 397667
812 397687
812 397814
812 398671
812 399218
812 399357
812 399429
812 400263
399405 21949
399680 19752
399680 21949
21723 10929
21723 15247
21723 21724
21723 26198
21723 63003
819 14933
819 19752
819 822
819 823
819 394554
819 395235
819 397264
19752 11727
19752 15024
19752 16730
19752 19052
19752 21992
19752 23457
19752 26884
19752 29953
19752 53877
19752 62667
19752 62706
19752 393994
19752 395114
19752 397296
835 39975
835 922
835 52210
835 61977
13768 6561
13768 10400
13768 11077
13768 11342
13768 12212
13768 22964
13768 54652
13768 15067
13768 15128
13768 18650
13768 18721
13768 19202
13768 21775
13768 23136
13768 23498
13768 29219
13768 35947
13768 36518
13768 40029
13768 46320
13768 53479
13768 53525
13768 54044
13768 54527
13768 54643
13768 196962
13768 393653
13768 398362
1011 20119
20119 1645
20119 19662
20119 22512
20119 25988
20119 26968
20119 27404
20119 29768
20119 30648
20119 54987
20119 55003
20119 55016
20119 394256
20119 396125
20119 396515
20119 397864
20119 398358
20119 399219
20119 399428
1043 19523
19523 1085
19523 54980
19523 55017
19523 393598
19523 394352
1100 12212
12212 25948
19382 21949
46525 36493
10929 7765
10929 55022
10929 14150
10929 20221
10929 21703
10929 21793
10929 22748
10929 32881
10929 40436
10929 40635
10929 46874
10929 53757
10929 54310
10929 55271
10929 63470
10929 397181
16696 14118
16696 32473
16696 46915
16696 53661
16696 395097
16696 396294
16696 397468
16696 399279
16949 7311
16949 19821
399226 47085
22995 3367
22995 30028
22995 32100
22995 40473
21804 26806
21804 30324
21804 53543
396984 21949
394233 393636
394678 25728
394678 399035
398764 29909
7992 7312
7992 11290
7992 11181
7992 11700
7992 13468
7992 23237
7992 27168
7992 33105
7992 36235
7992 36472
7992 53539
7992 55254
7992 393735
7992 393990
7992 393996
7992 394292
7992 395050
7992 395544
7992 398720
7992 399035
7992 399429
7992 400363
19465 395043
11290 2568
11290 39959
11290 46618
11290 54783
11290 395233
3300 30844
54002 63202
53732 23498
394367 32018
394367 394786
33185 14731
33185 19168
33185 62788
33185 395214
33185 398041
33185 398292
33185 398982
33185 398995
33185 399105
33185 399199
33185 399760
33185 399944
33185 400032
33185 400598
21949 5664
21949 11043
21949 11077
21949 11439
21949 11478
21949 11851
21949 12093
21949 13469
21949 13851
21949 14112
21949 14387
21949 14444
21949 14500
21949 14720
21949 14836
21949 14843
21949 15101
21949 15122
21949 15128
21949 16686
21949 16995
21949 17159
21949 17241
21949 18986
21949 19276
21949 20425
21949 21433
21949 21513
21949 21548
21949 21775
21949 23498
21949 26567
21949 26832
21949 30045
21949 32453
21949 32563
21949 32900
21949 33028
21949 33326
21949 40191
21949 40337
21949 40635
21949 53566
21949 53625
21949 53810
21949 54175
21949 54310
21949 54672
21949 62667
21949 63300
21949 63447
21949 204440
21949 393424
21949 393457
21949 395198
21949 395225
21949 395569
21949 395570
21949 395863
21949 395965
21949 396113
21949 396516
21949 397468
21949 397540
21949 398824
21949 398962
21949 399214
21949 399394
21949 399555
21949 399786
21949 400331
393457 16802
393457 30638
393457 394369
393457 397667
393457 397711
33361 19467
33361 55288
33361 394715
7794 30323
7794 396917
4508 7311
11287 395173
11287 395261
11814 6407
11814 5071
11814 33139
11814 46737
11814 395938
394232 398299
30549 19167
40788 7271
40788 26889
40788 54826
40788 395043
3367 21659
3367 395431
3367 21564
3367 21722
3367 21853
3367 29907
3367 33230
3367 395386
3367 400263
36493 7271
36493 7311
36493 13773
36493 22404
36493 18451
36493 55053
36225 395114
19850 7311
19850 394146
13319 26227
26413 26227
30176 26155
30176 53999
30176 62512
30176 393424
30176 395768
13657 14007
13657 16995
13657 30414
13657 46478
54182 1633
54182 27275
54182 62596
54182 396125
54182 400415
7311 5664
7311 399743
7311 10678
7311 13846
7311 17266
7311 22494
7311 30528
7311 32012
7311 33044
7311 35998
7311 46157
7311 54164
7311 62824
7311 394840
7311 395667
7311 398697
395127 11522
395127 5690
13727 7057
13727 394667
13727 398720
23252 11666
23252 393632
23252 400363
395768 53999
4540 12132
4540 14102
4540 398400
5690 14673
5690 17042
5690 19595
5690 22060
4455 201971
4455 57168
4455 41495
4455 42004
4455 39545
4455 60426
4455 58273
4455 203421
4455 201506
4455 43545
4455 213150
4455 47704
4455 8851
4455 24633
4455 25582
4455 28695
4455 29646
4455 34931
4455 39875
4455 42228
4455 42513
4455 43408
4455 44503
4455 47762
4455 48294
4455 48804
4455 49354
4455 51059
4455 59445
4455 59717
4455 60333
4455 200425
4455 200751
4455 205402
4455 205917
4455 206049
4455 206324
4455 206999
4455 208035
4455 209082
4455 209336
4455 209505
4455 212174
4455 212551
4455 212694
11342 14166
11342 21775
15128 23498
6407 5071
6407 15127
15024 21813
15024 31886
15024 32473
15024 36750
11666 11084
11666 20425
11666 22964
11666 32638
11666 394986
11666 395947
25914 53877
63134 29909
16532 10865
16532 29909
16532 26480
33130 23498
19515 23299
14453 29862
14453 398812
14453 399218
20161 13804
20161 19875
20161 22873
20161 29883
20161 31790
20161 40758
20161 46546
20161 47102
20161 62846
20161 63278
20161 395741
20161 396870
20161 399357
11084 399494
29974 53877
29974 395114
11522 14661
11522 19595
11522 397888
40867 33044
36731 394284
53486 11181
53486 11239
53486 16475
53486 21722
53486 29807
53486 29872
53486 46641
53486 393994
7057 11700
5664 23457
5664 36750
55195 40568
55195 396501
27299 54412
394354 40568
394354 396501
32489 26968
32489 53356
32489 53363
32489 396142
26523 11998
26523 17120
26523 39951
27324 23498
44444 42465
44444 43251
33044 46641
11468 29988
30539 14007
30539 27367
1824 5769
5769 14659
5769 12132
5769 16944
5769 18875
5769 22476
5769 29820
5769 29931
5769 30180
5769 30236
5769 30336
5769 33329
5769 36068
5769 53792
5769 395761
5769 397033
5769 398833
5769 398905
5769 398959
5769 400486
2129 8220
8220 6908
8220 44480
8220 30844
8220 15830
8220 207087
8220 202787
8220 202466
8220 139324
8220 8336
8220 8651
8220 8950
8220 9090
8220 12701
8220 12761
8220 13213
8220 15404
8220 16050
8220 16751
8220 17372
8220 21160
8220 21296
8220 21433
8220 21439
8220 21459
8220 21464
8220 28729
8220 28846
8220 29214
8220 29457
8220 29575
8220 30931
8220 31404
8220 31474
8220 31708
8220 32176
8220 34253
8220 34499
8220 34640
8220 34693
8220 34890
8220 36068
8220 39341
8220 41231
8220 41362
8220 41596
8220 41951
8220 43392
8220 43486
8220 44022
8220 44305
8220 44371
8220 44745
8220 44931
8220 47351
8220 47611
8220 47999
8220 48375
8220 48553
8220 48688
8220 49216
8220 49572
8220 50287
8220 50422
8220 50432
8220 51489
8220 51551
8220 56474
8220 56637
8220 56644
8220 57408
8220 59529
8220 59836
8220 59907
8220 60825
8220 60898
8220 62346
8220 64485
8220 197039
8220 197409
8220 197852
8220 198554
8220 198567
8220 199706
8220 200083
8220 200124
8220 200498
8220 200682
8220 200961
8220 201542
8220 202166
8220 202587
8220 204204
8220 204247
8220 204321
8220 204322
8220 204777
8220 205177
8220 205237
8220 205468
8220 205492
8220 206664
8220 206933
8220 207916
8220 208098
8220 208638
8220 209540
8220 210253
8220 211460
8220 211829
8220 212152
8220 212404
8220 212581
8220 213000
8220 397681
8220 398749
2818 31459
2856 12576
2856 60925
2856 48639
2856 39461
2856 198032
2856 5400
2856 6871
2856 8336
2856 8435
2856 11031
2856 13205
2856 15601
2856 15865
2856 20695
2856 20705
2856 20955
2856 21054
2856 21218
2856 21267
2856 21296
2856 21301
2856 21433
2856 21464
2856 24650
2856 24677
2856 24775
2856 25050
2856 25343
2856 25421
2856 25585
2856 28863
2856 29033
2856 31632
2856 33981
2856 35707
2856 38936
2856 39173
2856 39550
2856 39552
2856 40126
2856 41021
2856 41373
2856 41380
2856 41988
2856 42536
2856 43259
2856 44268
2856 44371
2856 44480
2856 44617
2856 47113
2856 47534
2856 48549
2856 48688
2856 49318
2856 50108
2856 50203
2856 50445
2856 50826
2856 50948
2856 51953
2856 56644
2856 56745
2856 57002
2856 59445
2856 60220
2856 60677
2856 60962
2856 197085
2856 197122
2856 197409
2856 197568
2856 198300
2856 198386
2856 199262
2856 199462
2856 200614
2856 200961
2856 201528
2856 201529
2856 201536
2856 201971
2856 202206
2856 202364
2856 202466
2856 202679
2856 202787
2856 202818
2856 202907
2856 203171
2856 204045
2856 204103
2856 204322
2856 204819
2856 205006
2856 205114
2856 205693
2856 206146
2856 206166
2856 206237
2856 206335
2856 206467
2856 206686
2856 206773
2856 207039
2856 207072
2856 207087
2856 207312
2856 208902
2856 209997
2856 210988
2856 211303
2856 211389
2856 212329
2856 394731
48639 42973
39461 5089
5400 13205
5400 43949
5400 206289
3170 21339
3170 39617
3170 49485
3170 205479
3170 205739
3170 206924
3170 209199
3170 211956
3170 212177
3170 212396
3170 212806
3213 31048
3213 47685
3213 59817
3252 31445
30844 21433
30844 25369
30844 29457
30844 29611
30844 35575
30844 56696
30844 61317
3411 21992
21992 32364
3584 29909
29909 13625
29909 14086
29909 20221
29909 36605
29909 54139
29909 63068
29909 395254
29909 395663
29909 395766
29909 397296
29909 398216
29909 399098
3848 33164
33164 4877
33164 54191
201971 20860
57168 60610
41495 34611
41495 207846
41495 20860
41495 44749
41495 198722
41495 200700
41495 202359
41495 211175
41495 211501
41495 211854
39545 21077
39545 39326
39545 50910
39545 59816
39545 204239
39545 209329
39545 210310
203421 51945
201506 56595
43545 25160
43545 51945
43545 20860
43545 8553
43545 198382
43545 207195
43545 208035
43545 208564
5071 14007
14007 18875
14007 26968
14007 27367
14007 53405
14007 54764
14007 63297
14007 395152
5089 208895
5089 42880
5089 44521
5089 25050
5089 8669
5089 9011
5089 15677
5089 15689
5089 15770
5089 15914
5089 20695
5089 21422
5089 28705
5089 33879
5089 34099
5089 34344
5089 35045
5089 39103
5089 39341
5089 39382
5089 39400
5089 41362
5089 41383
5089 41548
5089 42359
5089 43422
5089 43838
5089 44268
5089 44403
5089 47367
5089 47534
5089 47871
5089 48070
5089 48632
5089 49318
5089 49324
5089 50203
5089 51489
5089 51766
5089 52215
5089 57002
5089 60187
5089 60382
5089 62364
5089 197104
5089 197107
5089 197370
5089 198142
5089 199675
5089 202679
5089 202783
5089 203185
5089 203652
5089 204322
5089 205693
5089 207916
5089 208118
5089 209997
5089 210511
5089 213000
39326 5500
39326 8330
39326 15689
39326 16174
39326 35399
39326 41103
39326 41400
39326 41489
39326 41570
39326 43519
39326 47227
39326 49793
39326 49823
39326 50888
39326 57650
39326 59410
39326 59565
39326 60382
39326 199448
39326 200008
39326 200652
39326 202020
39326 203082
39326 209113
39326 212413
12390 203067
20860 15490
20860 35575
20860 28757
20860 29200
20860 33968
20860 35425
20860 39451
20860 43082
20860 47264
20860 49967
20860 50957
20860 61001
20860 199066
20860 199542
20860 200418
20860 200876
20860 201230
20860 201715
20860 203850
20860 206078
20860 206332
20860 208130
20860 208621
20860 209183
20860 212601
6908 34914
6908 8444
6908 8457
6908 8838
6908 9140
6908 25588
6908 28780
6908 31220
6908 33975
6908 35551
6908 42332
6908 44671
6908 44791
6908 60228
6908 60736
6908 60914
6908 199367
6908 199455
6908 199828
25369 8577
25369 9086
25369 12775
25369 210597
25369 43863
25369 48825
25369 49999
25369 57994
25369 58144
25369 199367
25369 200514
25369 202848
25369 203363
25369 205771
25369 208375
25369 212109
25369 213349
50300 31463
50300 39103
50300 42044
50300 43408
50300 50930
50300 51926
50300 60868
50300 62217
50300 203678
21472 48101
21472 43924
21472 205804
45014 33854
45014 64415
45014 59439
45014 201375
45014 205220
41095 13002
41095 13213
41095 196674
20712 12613
20712 12703
20712 43442
20712 43950
20712 48901
20712 49793
20712 59617
20712 199165
8943 8676
8943 24865
8943 43915
8943 43950
8943 44671
8943 44934
8943 48325
8943 50763
8943 62136
25577 49823
25577 39846
25577 41379
25577 42228
25577 42332
25577 43950
25577 44934
25577 49503
25577 50882
25577 51572
25577 56990
25577 58102
25577 59493
25577 59581
25577 61373
25577 203035
25577 206626
8468 5459
8468 41695
8468 200994
8468 20652
8468 31493
8468 31708
8468 42228
8468 44646
8468 44981
8468 47227
8468 59395
8468 62313
8468 199448
8468 199629
8468 203035
8468 203231
8468 205360
8468 206626
51561 199204
51561 208636
31727 8621
31727 29452
31727 39620
31727 39633
31727 41021
31727 44052
31727 200870
44684 8330
44684 33854
44684 213059
44684 47426
44684 47988
44684 60079
44684 136620
44684 206049
44684 206924
44684 212240
44684 213185
15830 8444
15830 8942
15830 14358
15830 30894
15830 21296
15830 21371
15830 21433
15830 23163
15830 23197
15830 25048
15830 28959
15830 29731
15830 39550
15830 43949
15830 44292
15830 49216
15830 60760
15830 134536
15830 200124
15830 201093
15830 201467
15830 201542
15830 201855
15830 202455
15830 202459
15830 208026
15830 208402
15830 210938
15830 211140
15830 212729
15830 396084
13285 8586
13285 9105
13285 12708
13285 47474
13285 60257
51043 203185
51043 204945
51043 205389
51043 205654
51043 207925
51043 208118
25180 9014
25180 9140
25180 12789
25180 29668
25180 50826
25180 29033
25180 29214
25180 33975
25180 39717
25180 39846
25180 41383
25180 42513
25180 43079
25180 43280
25180 48570
25180 48993
25180 49669
25180 50510
25180 50697
25180 50910
25180 51005
25180 51545
25180 51553
25180 52024
25180 56637
25180 57228
25180 57453
25180 58226
25180 60103
25180 62145
25180 62172
25180 196933
25180 197107
25180 198063
25180 198628
25180 199286
25180 201739
25180 202052
25180 202241
25180 202312
25180 202901
25180 202978
25180 203251
25180 203397
25180 203842
25180 203987
25180 205394
25180 205468
25180 206024
25180 206062
25180 206223
25180 209237
25180 210216
25180 211015
25180 211077
25180 212413
15412 13213
15412 29664
15412 60045
15412 200700
21396 12775
51945 59410
51945 59820
51945 205098
51945 205373
51945 205917
51945 209082
51945 210062
31655 41553
31655 60788
31655 198472
31655 205237
5607 39627
5607 41012
5607 212465
31708 39592
31708 47571
31708 58102
31708 59680
31708 60103
31708 61255
31708 201862
31708 205373
31708 208524
8426 8272
8426 31493
8426 42053
8426 43355
8426 47113
8426 199269
8426 210377
42689 43059
42689 47351
42689 48961
42689 60282
42689 210924
42689 212027
24916 24958
24916 43207
24916 49829
8607 20832
8607 8689
8607 31493
8607 44980
8607 48706
8607 58040
8607 59820
8607 203573
16082 209198
29550 8622
29550 34920
29550 202212
49375 59439
49375 200083
5564 56595
5564 208564
20799 397905
31472 41099
31472 209363
21371 30894
21371 39633
21371 40992
21371 44980
21371 199903
21371 202178
21371 202466
21371 202953
8851 31632
8851 206509
198781 8791
31463 25546
31463 35241
31463 42044
31463 43408
31463 51926
31463 58040
31463 59933
31463 205106
31463 206976
41811 21369
41811 202529
41811 210549
13037 44697
13037 51766
13037 203460
13037 204945
13037 208697
13037 208902
61124 42217
61124 206347
35266 12488
35266 34914
35266 39602
35266 57315
35266 59897
35266 59933
35266 61419
35266 202630
35266 205373
35266 207162
51551 44971
51551 47797
51551 196744
51551 196778
34442 35433
34442 56438
33920 44504
33920 197529
33920 202359
33920 205283
33920 206232
13009 5552
13009 8419
13009 15845
13009 30914
6894 39116
6894 49978
35228 29180
35228 56460
29668 42044
29668 50972
29668 60012
15773 47474
34270 48447
34270 51059
25376 57672
199131 8897
21267 29676
21267 49454
42353 212880
41000 58007
5503 29626
5503 51704
5555 16164
5555 196809
5555 199788
56595 14875
56595 43442
56595 47492
56595 51313
56595 57022
56595 60036
56595 60241
56595 202590
56595 202808
56595 204103
56595 204260
56595 205517
56595 205885
56595 212655
6058 22573
22573 33594
6145 53356
53356 22630
53356 25048
53356 60011
53356 394256
53356 59893
53356 200586
396045 19016
25668 19062
25668 27232
6391 396005
6391 11831
6391 27232
6391 53661
6391 54643
6391 55124
10972 6579
10972 394846
10972 54658
8111 23307
8111 393907
8111 394430
8111 30256
8111 40007
8111 399031
8111 399267
26806 22950
26806 26206
26806 27628
26806 393607
26806 35857
26806 397335
7860 7950
10965 16796
10965 22686
10965 18472
10965 17001
6779 49572
49572 51063
49572 51439
6911 25061
25061 8457
25061 199367
7122 16796
7122 18472
7122 19053
7122 21774
7122 26320
7122 26361
7122 33110
7122 53443
7122 54937
7122 62758
7122 62846
7122 395248
7122 396084
7122 397433
7122 398713
7122 399923
7122 400078
7122 400501
7861 395262
207087 61231
8282 8835
8282 9179
8282 41847
8282 60198
8282 198466
8356 8676
8676 52063
8676 56739
8676 197898
8676 200707
8676 207995
8435 61231
61231 25470
61231 28789
61231 49758
61231 56482
61231 60593
61231 207645
61231 209738
61231 209931
61231 210892
61231 212426
8621 47264
47264 16376
47264 21260
47264 198719
47264 200328
47264 201226
47264 201301
47264 202797
47264 204688
47264 206682
47264 208180
47264 213016
8669 42973
42973 15622
42973 16247
42973 200660
42973 201493
42973 201536
42973 201854
42973 208802
42973 212807
8789 60793
60793 30769
60793 49318
8838 15510
15510 51905
206509 8897
206509 35551
206509 212434
8902 199629
29006 36483
29006 59705
29017 34282
29017 59565
29017 204436
29017 212419
12703 31742
12703 20782
12703 28715
12703 35259
12703 41203
12703 41489
12703 49026
12703 51845
12703 58226
12703 62408
12703 197958
12703 203128
12703 205599
12703 209220
12703 210282
25160 39458
25160 48611
25160 60672
25160 203416
25160 210054
25160 212286
34555 50656
34555 211198
16353 56335
16353 60193
16353 198353
29611 16197
29611 45033
29611 39621
29611 44980
29611 48704
28757 60688
61049 49781
61049 206078
30827 44366
29527 60800
29527 34623
10264 23498
23498 10329
23498 12010
23498 13733
23498 14270
23498 18563
23498 19925
23498 20132
23498 21548
23498 397147
23498 27579
23498 29457
23498 29731
23498 35927
23498 46720
23498 46861
23498 54910
23498 55267
23498 393877
23498 394520
16796 22686
16796 394522
18472 14866
11601 30336
30336 21925
11627 394369
394369 397468
11831 54643
12496 44697
12519 39530
12519 201739
12701 28690
28690 44022
31742 52148
31742 208934
12884 15570
15570 29457
15570 34654
15570 44617
15570 62313
15570 202312
15570 212694
13002 47716
13213 16339
13213 197651
13804 30500
30500 32738
30500 47023
30500 398872
14268 14866
14866 55101
14866 21774
14866 62589
14866 393733
14270 19052
14485 31914
31914 18451
31914 26110
14731 21548
21548 27280
21548 30003
21548 53365
21548 397474
14735 394703
15102 22457
15158 35911
35911 22867
35911 25636
35911 32315
35911 32817
35911 63019
35911 394703
35911 398259
27623 395660
15321 21703
15321 21925
15533 17372
15533 24742
15533 198801
15533 206688
15533 208507
15641 41570
15689 41354
41354 39382
47474 47611
47474 50743
47474 51762
47474 58223
47474 197104
47474 198312
47474 200541
47474 203171
47474 203573
47474 207784
47474 211178
16247 20952
16247 211855
16583 19566
16583 23197
16686 53999
53999 32517
16866 36483
16866 63052
16932 30048
18451 23523
18451 393445
18451 394081
18451 395089
18451 395611
18451 397728
18563 397681
18634 394284
394284 398954
18875 32613
32613 22476
32613 46861
32613 55271
32613 393595
32613 395467
32613 397408
18988 27256
18988 54904
19016 394081
19202 54527
54527 25820
54527 39962
54527 398568
54527 54632
54527 394256
54527 400724
19276 21513
19662 55220
35575 41379
35575 48570
35575 202867
35575 205654
20878 51048
51048 39414
51048 43915
51048 43924
51048 44503
51048 49868
51048 49898
51048 50807
51048 59597
51048 59659
51048 196646
51048 201289
51048 201903
51048 203235
51048 209899
51048 210279
51048 211678
21433 206324
21448 197898
21671 26110
26110 394989
26110 395248
26110 400078
22113 398305
22636 23136
23136 54412
23136 35938
34854 207960
34854 213190
394256 207893
394256 398962
394256 398898
62240 24669
62240 205479
62240 206136
62240 210597
62240 212068
62240 212634
22682 394352
24778 24867
24867 30803
24867 43280
24867 44009
24867 44371
24867 48182
24958 57148
24958 199196
25460 202206
25460 25585
25460 35832
25460 49049
25460 59619
25460 198142
25460 204486
25999 55130
26198 398299
26198 32789
26198 54926
398299 396313
26546 62993
27168 396100
27168 398944
29033 49425
49425 29045
49425 34007
49425 44706
49425 44824
49425 49669
49425 60949
49425 198567
49425 208638
49425 211140
29045 41107
41107 212446
29297 59395
59395 39295
59395 42010
59395 203449
59395 203452
59395 209999
29457 48910
29457 47351
60800 60654
60800 204436
29575 39610
30028 32584
30028 54454
30068 55130
30466 46618
30746 49396
49396 60036
30933 41230
41230 60079
31595 41847
31595 60193
41847 35327
41847 203082
41847 47535
41847 51263
41847 201289
41847 204562
32424 55053
32881 399230
33967 59581
34282 59876
34934 61323
34934 201493
35071 41099
35200 42831
42831 44477
42831 44574
42831 47625
42831 64080
42831 205909
42831 212027
35425 205265
35826 61419
35826 205311
35826 209113
35947 54926
36698 399327
39060 56460
56460 50063
56460 57850
56460 208507
39097 41988
39175 48549
39175 59816
39175 60698
39175 200552
39208 60610
60610 39389
60610 44574
60610 48412
60610 48686
60610 59897
60610 64435
60610 197594
60610 201471
60610 202212
60610 204598
60610 206681
60610 207194
60610 208804
39458 61283
39537 64415
39537 51491
39537 201261
40191 63396
40598 393249
41232 60255
60255 47638
60255 61337
60255 205739
207846 202359
42010 203317
42010 209318
42010 209761
42214 44574
44574 202288
43207 201508
43207 203067
43207 207120
44356 205394
213059 60011
44874 59659
59659 48954
59659 205106
46300 396420
396420 397321
46720 63003
47227 50419
47638 47671
47638 59876
47638 210062
48024 60068
60068 48254
60068 48266
60068 62752
60068 64199
60068 200639
60068 206092
60068 206150
60068 211715
60068 212238
48070 50391
48254 61317
61317 53636
61317 211695
48294 211678
48961 50972
49247 199713
199713 49728
199713 197370
199713 205337
49485 203812
50058 203458
50058 60326
50058 62309
50058 204844
50058 212483
203458 212027
50468 60670
50468 59809
60670 206626
50882 201902
60011 136620
60011 210000
60011 212240
53359 396341
53910 54191
54841 62845
54841 396302
56929 60187
60187 57377
57022 205283
57099 209931
57148 60672
60672 201862
60672 211552
60672 212031
59705 206576
206576 200973
136620 209199
136620 206754
196745 206347
197529 206637
199710 201933
201933 207673
201933 209669
201933 212797
199775 201508
201115 209505
201508 205372
201579 212728
212728 203363
212728 211956
202020 202241
202038 205402
202359 211998
205072 208130
205654 206078
206924 210101
207163 212465
207960 211244
207960 210561
207960 212068
212263 212880
397573 398803
