553 3320
553 680
553 5501
553 29010
553 34878
553 39100
553 42873
553 49739
553 50964
553 60824
553 202113
553 204680
553 212522
3320 2773
3320 2792
3320 3278
3320 39063
3320 203759
3320 28676
3320 9145
3320 44231
3320 42605
3320 44530
3320 12843
3320 207277
3320 200086
3320 13101
3320 15372
3320 5409
3320 5430
3320 5511
3320 6687
3320 6878
3320 8292
3320 8351
3320 8373
3320 8469
3320 8495
3320 8520
3320 8648
3320 8793
3320 8820
3320 8859
3320 8878
3320 8879
3320 9022
3320 9067
3320 9099
3320 9136
3320 9175
3320 9188
3320 12291
3320 12298
3320 12306
3320 12316
3320 12329
3320 12337
3320 12371
3320 12399
3320 12437
3320 12440
3320 12460
3320 12470
3320 12480
3320 12510
3320 12579
3320 12586
3320 12655
3320 12680
3320 12748
3320 12759
3320 12801
3320 12853
3320 12886
3320 12897
3320 12898
3320 12931
3320 12964
3320 13039
3320 13045
3320 13054
3320 13058
3320 13132
3320 13167
3320 13237
3320 13247
3320 13282
3320 15446
3320 15451
3320 15495
3320 15499
3320 15540
3320 15590
3320 15644
3320 15743
3320 15779
3320 15790
3320 15817
3320 15844
3320 15960
3320 16001
3320 16097
3320 16151
3320 16205
3320 16277
3320 16356
3320 16378
3320 20572
3320 20647
3320 20686
3320 20773
3320 20783
3320 20849
3320 20918
3320 21161
3320 21336
3320 21385
3320 21413
3320 21467
3320 21473
3320 24635
3320 24637
3320 24657
3320 24679
3320 24766
3320 24786
3320 24833
3320 24840
3320 24909
3320 24926
3320 24940
3320 24956
3320 24961
3320 24973
3320 25038
3320 25039
3320 25068
3320 25109
3320 25220
3320 25260
3320 25279
3320 25291
3320 25394
3320 25481
3320 25560
3320 28674
3320 28748
3320 28801
3320 28876
3320 28961
3320 28979
3320 29014
3320 29037
3320 29057
3320 29105
3320 29141
3320 29145
3320 29224
3320 29259
3320 29358
3320 29373
3320 29494
3320 29507
3320 29551
3320 29670
3320 29682
3320 30742
3320 30787
3320 30791
3320 30915
3320 30941
3320 30962
3320 31049
3320 31186
3320 31197
3320 31352
3320 31399
3320 31450
3320 31550
3320 31572
3320 31722
3320 33843
3320 33933
3320 33940
3320 34086
3320 34193
3320 34247
3320 34309
3320 34372
3320 34439
3320 34453
3320 34520
3320 34548
3320 34624
3320 34788
3320 34906
3320 34953
3320 35227
3320 35258
3320 35515
3320 35548
3320 35704
3320 35710
3320 35724
3320 35739
3320 38914
3320 39218
3320 39373
3320 39795
3320 40976
3320 41289
3320 41307
3320 41504
3320 41698
3320 41700
3320 41886
3320 41893
3320 41941
3320 41955
3320 41998
3320 42184
3320 42249
3320 42312
3320 42464
3320 43033
3320 43066
3320 43155
3320 43186
3320 43193
3320 43292
3320 43305
3320 43329
3320 43353
3320 43407
3320 43455
3320 43566
3320 43623
3320 43701
3320 43897
3320 44018
3320 44066
3320 44131
3320 44156
3320 44194
3320 44404
3320 44700
3320 44819
3320 44949
3320 47138
3320 47261
3320 47295
3320 47347
3320 47372
3320 47447
3320 47487
3320 47661
3320 47706
3320 47777
3320 47832
3320 48049
3320 48097
3320 48153
3320 48200
3320 48314
3320 48425
3320 48545
3320 48777
3320 48778
3320 48951
3320 49009
3320 49081
3320 49161
3320 49234
3320 49294
3320 49473
3320 49651
3320 49885
3320 50034
3320 50076
3320 50307
3320 50407
3320 50441
3320 50455
3320 50462
3320 50469
3320 50472
3320 50508
3320 50533
3320 50621
3320 50629
3320 50824
3320 50905
3320 50964
3320 51053
3320 51061
3320 51114
3320 51169
3320 51417
3320 51496
3320 51527
3320 51531
3320 51567
3320 51720
3320 51733
3320 52051
3320 56532
3320 56657
3320 56948
3320 56984
3320 57094
3320 57376
3320 57437
3320 57684
3320 57837
3320 57911
3320 58010
3320 58092
3320 58106
3320 58149
3320 58265
3320 58346
3320 59822
3320 59971
3320 60063
3320 60169
3320 60175
3320 60264
3320 60307
3320 60454
3320 60729
3320 60948
3320 60979
3320 61157
3320 61343
3320 61352
3320 61381
3320 62087
3320 62204
3320 62270
3320 62460
3320 197347
3320 197365
3320 197491
3320 197639
3320 197729
3320 197759
3320 197915
3320 197990
3320 198018
3320 198205
3320 198264
3320 198311
3320 198333
3320 198870
3320 198913
3320 198930
3320 199090
3320 199163
3320 199271
3320 199306
3320 199421
3320 199610
3320 199786
3320 199801
3320 199876
3320 200275
3320 200291
3320 200374
3320 200377
3320 200423
3320 200491
3320 200512
3320 200567
3320 200576
3320 200739
3320 200978
3320 201035
3320 201213
3320 201222
3320 201299
3320 201318
3320 201530
3320 201543
3320 201545
3320 201609
3320 201698
3320 202040
3320 202077
3320 202167
3320 202186
3320 202217
3320 202694
3320 202716
3320 202810
3320 202847
3320 203017
3320 203132
3320 203278
3320 203329
3320 203441
3320 203536
3320 204028
3320 204138
3320 204147
3320 204201
3320 204233
3320 204296
3320 204320
3320 204612
3320 204681
3320 204911
3320 204965
3320 204990
3320 205050
3320 205137
3320 205249
3320 205366
3320 205382
3320 205477
3320 205542
3320 205769
3320 205807
3320 205843
3320 205881
3320 206141
3320 206211
3320 206266
3320 206497
3320 206549
3320 206597
3320 206620
3320 206775
3320 206813
3320 206899
3320 206917
3320 207210
3320 207486
3320 207499
3320 207597
3320 207707
3320 207946
3320 207999
3320 208015
3320 208016
3320 208028
3320 208106
3320 208372
3320 208500
3320 208571
3320 208606
3320 208653
3320 208927
3320 208929
3320 208964
3320 209039
3320 209216
3320 209347
3320 209729
3320 209740
3320 209744
3320 209781
3320 209830
3320 209953
3320 209991
3320 210044
3320 210249
3320 210437
3320 210544
3320 210967
3320 211331
3320 211737
3320 212567
3320 213062
3320 213141
3320 213238
3320 213275
3320 213358
680 8450
680 5409
680 6733
680 1754
680 2117
680 5501
680 5520
680 8519
680 12643
680 12816
680 13040
680 20588
680 20633
680 29484
680 31705
680 34520
680 34878
680 41289
680 41955
680 41969
680 43066
680 47610
680 49234
680 56357
680 60344
680 60824
680 199578
680 200943
680 205046
680 210482
8450 2857
6733 12306
1754 9211
9211 9007
9211 13135
9211 49009
9211 12923
9211 15368
9211 16378
9211 35258
9211 47717
9211 48324
9211 51114
9211 51131
9211 206813
9211 211643
9211 211682
9211 211823
1898 12731
12731 5401
12731 58243
12731 13101
12731 13157
12731 21235
12731 49009
12731 60664
12731 209148
2027 34019
2027 206059
2027 200780
2027 35280
2027 49434
2027 61193
2027 207849
2027 208261
2027 209090
2027 209097
2027 209295
2027 210851
2027 211486
2027 212972
2027 213318
34019 25057
34019 31375
34019 35280
34019 200780
34019 8218
34019 30781
34019 34958
34019 35600
34019 41526
34019 44097
34019 48879
34019 51257
34019 201080
34019 204092
34019 205684
34019 209523
34019 212351
206059 39405
200780 41114
200780 41405
200780 41652
200780 44530
200780 49434
200780 51269
200780 57752
200780 57951
200780 207435
200780 207992
200780 209815
200780 211850
200780 212912
35280 9180
35280 16347
35280 20565
35280 21212
35280 29169
35280 29283
35280 33930
35280 34572
35280 34659
35280 34863
35280 35070
35280 35085
35280 35426
35280 35717
35280 39305
35280 39405
35280 39542
35280 41605
35280 41628
35280 41653
35280 41728
35280 42687
35280 43532
35280 44108
35280 48744
35280 48934
35280 49028
35280 50628
35280 50903
35280 56598
35280 57734
35280 60132
35280 60350
35280 61205
35280 62000
35280 197133
35280 197492
35280 198792
35280 204657
35280 205845
35280 208196
35280 208773
35280 212041
35280 212589
35280 213313
49434 34534
49434 52073
49434 212815
49434 213018
2200 5511
2200 2484
2200 201808
2200 2486
2200 29199
2200 30839
2200 34542
2200 44850
2200 50897
5511 2280
5511 2281
5511 2285
5511 2287
5511 3215
5511 29075
5511 31216
5511 8723
5511 8309
5511 30781
5511 25540
5511 39180
5511 8362
5511 8528
5511 8554
5511 12807
5511 12811
5511 15436
5511 15681
5511 16276
5511 20765
5511 20917
5511 25113
5511 25593
5511 28708
5511 29110
5511 29605
5511 31167
5511 33848
5511 34444
5511 34549
5511 35661
5511 39286
5511 39801
5511 41690
5511 43717
5511 48173
5511 48314
5511 49274
5511 49763
5511 50583
5511 57839
5511 197500
5511 198551
5511 198792
5511 204708
5511 209163
5511 209304
5511 210043
5511 211846
2484 30781
2278 3215
3215 34177
3215 61026
3215 201246
3215 3259
3215 3296
3215 3298
3215 3299
3215 8255
3215 8362
3215 8891
3215 8921
3215 9159
3215 12696
3215 13034
3215 13223
3215 15401
3215 16028
3215 16071
3215 16236
3215 16347
3215 20926
3215 21272
3215 24600
3215 24711
3215 29513
3215 31629
3215 35169
3215 35665
3215 39444
3215 39567
3215 39694
3215 39771
3215 42308
3215 42369
3215 43342
3215 44850
3215 47127
3215 47548
3215 47818
3215 47820
3215 48125
3215 50172
3215 50664
3215 50758
3215 51110
3215 51870
3215 52039
3215 60620
3215 60686
3215 60697
3215 60749
3215 61086
3215 196773
3215 196869
3215 197744
3215 198060
3215 198239
3215 198330
3215 198340
3215 199140
3215 199233
3215 199917
3215 200102
3215 200310
3215 200589
3215 200748
3215 201072
3215 202669
3215 202757
3215 203500
3215 203984
3215 204344
3215 204802
3215 204869
3215 204902
3215 205862
3215 206155
3215 206443
3215 206713
3215 207861
3215 207988
3215 208353
3215 208678
3215 208820
3215 209627
3215 209678
3215 209760
3215 211073
3215 212012
3215 212039
3215 212208
3215 212576
3215 212709
3215 212976
30781 2485
30781 3259
30781 8352
30781 12565
30781 12727
30781 13273
30781 16101
30781 20529
30781 25009
30781 25426
30781 28768
30781 28855
30781 44530
30781 30907
30781 31180
30781 31688
30781 34173
30781 34433
30781 35334
30781 35482
30781 35600
30781 38926
30781 39444
30781 39506
30781 39542
30781 39781
30781 41332
30781 41370
30781 41765
30781 42349
30781 43930
30781 45023
30781 47127
30781 47472
30781 47858
30781 47891
30781 47980
30781 48140
30781 48240
30781 48784
30781 49030
30781 49152
30781 49923
30781 50583
30781 50778
30781 50779
30781 50812
30781 50858
30781 50954
30781 51038
30781 51083
30781 51458
30781 52120
30781 52143
30781 52147
30781 57103
30781 57119
30781 57297
30781 57694
30781 57951
30781 59413
30781 59689
30781 59877
30781 59944
30781 60427
30781 60686
30781 60749
30781 60855
30781 61015
30781 61047
30781 61086
30781 61217
30781 62057
30781 62141
30781 62202
30781 196765
30781 197033
30781 197036
30781 197114
30781 197230
30781 197337
30781 197383
30781 197562
30781 197788
30781 198545
30781 198706
30781 199125
30781 199275
30781 199575
30781 199579
30781 200607
30781 200621
30781 200641
30781 201140
30781 201425
30781 201647
30781 201659
30781 202096
30781 202215
30781 202253
30781 203007
30781 203030
30781 203041
30781 203058
30781 203360
30781 203495
30781 203773
30781 203885
30781 203901
30781 204092
30781 204124
30781 204251
30781 204371
30781 204382
30781 204869
30781 205555
30781 205746
30781 206379
30781 206619
30781 206859
30781 206979
30781 207280
30781 207365
30781 207813
30781 207881
30781 208704
30781 208789
30781 209124
30781 209438
30781 209627
30781 209678
30781 210309
30781 210363
30781 211055
30781 211882
30781 211957
30781 212140
30781 212547
30781 212562
30781 212579
30781 212976
30781 213317
2486 8218
8218 210879
8218 205681
8218 30972
8218 57348
8218 205992
8218 206940
8218 25358
8218 210492
8218 8399
8218 12318
8218 12516
8218 12565
8218 12645
8218 12727
8218 12771
8218 12807
8218 15436
8218 15826
8218 15847
8218 16101
8218 16128
8218 16363
8218 20672
8218 20756
8218 21247
8218 25117
8218 25426
8218 25593
8218 28774
8218 29104
8218 29513
8218 29605
8218 31167
8218 31221
8218 31367
8218 31629
8218 31660
8218 31688
8218 34173
8218 34391
8218 34659
8218 34749
8218 34752
8218 34970
8218 34993
8218 35012
8218 38989
8218 39495
8218 39606
8218 39634
8218 39931
8218 41064
8218 41090
8218 41628
8218 42487
8218 43436
8218 43619
8218 43702
8218 43794
8218 44407
8218 44902
8218 44994
8218 45050
8218 47841
8218 47866
8218 47957
8218 48213
8218 48504
8218 48594
8218 49328
8218 49920
8218 50474
8218 50547
8218 50624
8218 50778
8218 50858
8218 51269
8218 51588
8218 51664
8218 56403
8218 56455
8218 57103
8218 57468
8218 57734
8218 57928
8218 59470
8218 59518
8218 59689
8218 59830
8218 60331
8218 60362
8218 60427
8218 60940
8218 61168
8218 61221
8218 64444
8218 197133
8218 197485
8218 197653
8218 198177
8218 198551
8218 198682
8218 198706
8218 199248
8218 199397
8218 199571
8218 199708
8218 199749
8218 199758
8218 200069
8218 200077
8218 200484
8218 200618
8218 200783
8218 201085
8218 201246
8218 201408
8218 201605
8218 201699
8218 201876
8218 201932
8218 202236
8218 202381
8218 202568
8218 202582
8218 202628
8218 203400
8218 203683
8218 203745
8218 203770
8218 203908
8218 204202
8218 204273
8218 204460
8218 204818
8218 204975
8218 205263
8218 205633
8218 205921
8218 206399
8218 206856
8218 206903
8218 206944
8218 206958
8218 207100
8218 208014
8218 208199
8218 208382
8218 208746
8218 209124
8218 209468
8218 209536
8218 209815
8218 209852
8218 210136
8218 210182
8218 210433
8218 211317
8218 211846
8218 212530
8218 212579
8218 212709
2857 8365
2857 199578
8365 35548
8365 12643
8365 28714
8365 50595
8365 201339
8365 212795
2861 8489
2861 25167
8489 25504
8489 62338
3209 16024
3209 24637
3209 15451
3209 201213
3209 41307
3209 12853
3209 201318
3209 211727
3209 24909
3209 200377
3209 3278
3209 8351
3209 8569
3209 9135
3209 12312
3209 12502
3209 12557
3209 12657
3209 12693
3209 15415
3209 15434
3209 15726
3209 16316
3209 20849
3209 21080
3209 24845
3209 24861
3209 25081
3209 25102
3209 25109
3209 25115
3209 25419
3209 28676
3209 29224
3209 29239
3209 29494
3209 30825
3209 33806
3209 34127
3209 34156
3209 34372
3209 34548
3209 34966
3209 35065
3209 35205
3209 38988
3209 39151
3209 39170
3209 39373
3209 39702
3209 39913
3209 43623
3209 44499
3209 44974
3209 47261
3209 47295
3209 49523
3209 51379
3209 51402
3209 57939
3209 58234
3209 58265
3209 58346
3209 59675
3209 62291
3209 197095
3209 197269
3209 197874
3209 197932
3209 198311
3209 198570
3209 199725
3209 200374
3209 201299
3209 201530
3209 201878
3209 202707
3209 203420
3209 203592
3209 203593
3209 203854
3209 203865
3209 204028
3209 204445
3209 205033
3209 205249
3209 205411
3209 205571
3209 205660
3209 205700
3209 205854
3209 205887
3209 205890
3209 206063
3209 206374
3209 206452
3209 207706
3209 207707
3209 208372
3209 208463
3209 208849
3209 210849
3209 212341
3209 213141
16024 12329
16024 15763
16024 34309
16024 35227
16024 212587
24637 8881
24637 34309
24637 24840
24637 24926
24637 29239
24637 29358
24637 29507
24637 34453
24637 43897
24637 44131
24637 47138
24637 47769
24637 50076
24637 50145
24637 50216
24637 51061
24637 56657
24637 56948
24637 59822
24637 60307
24637 60454
24637 60948
24637 204612
24637 204681
24637 204990
24637 206285
24637 210098
15451 15598
201213 13031
201213 208676
41307 31671
41307 12611
41307 208819
12853 42652
211727 15943
200377 21473
3214 50629
3214 211083
50629 3624
50629 12923
50629 16075
50629 29670
50629 30742
50629 39138
50629 48646
50629 48821
50629 49009
50629 49086
50629 49436
50629 49855
50629 50017
50629 51827
50629 59645
50629 59790
50629 60729
50629 61955
50629 61987
50629 64475
50629 201701
50629 204147
50629 205112
50629 206313
50629 206356
50629 206813
50629 207160
50629 208727
50629 210937
50629 212567
34177 12629
34177 16211
34177 20926
34177 44494
34177 47835
34177 47858
34177 51335
34177 57297
34177 57633
34177 200836
34177 204818
34177 205746
34177 207949
34177 210040
34177 212731
61026 50818
61026 24904
61026 199627
61026 210601
3247 15368
3259 15557
3259 44527
15557 3296
15557 3298
15557 9180
15557 12566
15557 12626
15557 12670
15557 13223
15557 38926
15557 29322
15557 34235
15557 34383
15557 34536
15557 34949
15557 35012
15557 35238
15557 35632
15557 35676
15557 39005
15557 39534
15557 39847
15557 41272
15557 41334
15557 41524
15557 41894
15557 42117
15557 42208
15557 42449
15557 42811
15557 43698
15557 43763
15557 44297
15557 44842
15557 45039
15557 47206
15557 47355
15557 47835
15557 48125
15557 48140
15557 48179
15557 49011
15557 49083
15557 49112
15557 49449
15557 49540
15557 49881
15557 52039
15557 56774
15557 57584
15557 58324
15557 60032
15557 60620
15557 60686
15557 60855
15557 61394
15557 197369
15557 198575
15557 199074
15557 199233
15557 200621
15557 201425
15557 202215
15557 202898
15557 203352
15557 203984
15557 204426
15557 204835
15557 205319
15557 205461
15557 205746
15557 205862
15557 206865
15557 207589
15557 208128
15557 208719
15557 208820
15557 209027
15557 210255
15557 210832
15557 212039
44527 197505
3271 12510
12510 35039
12510 60181
12510 203078
3278 12843
12843 8560
12843 13054
12843 206825
12843 20849
12843 205046
12843 210333
12843 207572
12843 13040
12843 20795
12843 21234
12843 25081
12843 25579
12843 29236
12843 29682
12843 31735
12843 35309
12843 41699
12843 47372
12843 57224
12843 58106
12843 200941
12843 202040
12843 202113
12843 202462
12843 202661
12843 205543
12843 210424
12843 210795
3295 13237
13237 6833
13237 8391
13237 8469
13237 8520
13237 8569
13237 8763
13237 8767
13237 8792
13237 8794
13237 8823
13237 8879
13237 8925
13237 9030
13237 9182
13237 12348
13237 12374
13237 12466
13237 12502
13237 12598
13237 12830
13237 12886
13237 12915
13237 13058
13237 13157
13237 15372
13237 13289
13237 15594
13237 15702
13237 15726
13237 16205
13237 16365
13237 16378
13237 20677
13237 20775
13237 20783
13237 20805
13237 20980
13237 24640
13237 24679
13237 24766
13237 24978
13237 28940
13237 29488
13237 31078
13237 31197
13237 34568
13237 34624
13237 35044
13237 39291
13237 40967
13237 40999
13237 41514
13237 41961
13237 42442
13237 42699
13237 43536
13237 43857
13237 44365
13237 47661
13237 48303
13237 48324
13237 49464
13237 50458
13237 51057
13237 51402
13237 51673
13237 51906
13237 52113
13237 52126
13237 56896
13237 57533
13237 60380
13237 60538
13237 62310
13237 62341
13237 196636
13237 196714
13237 196968
13237 197334
13237 197346
13237 197915
13237 197932
13237 198041
13237 198225
13237 198296
13237 198710
13237 198818
13237 199753
13237 200093
13237 200278
13237 200297
13237 200667
13237 200703
13237 200770
13237 201291
13237 201491
13237 201652
13237 201698
13237 202271
13237 202499
13237 203329
13237 203347
13237 203520
13237 203986
13237 204061
13237 205614
13237 206441
13237 208517
13237 209040
13237 210544
13237 211357
13237 211483
13237 212257
13237 212297
13237 212583
13237 213299
39063 29108
203759 44076
203759 211768
28676 20792
28676 25291
28676 29515
28676 31550
28676 200275
28676 206149
9145 6687
9145 9066
9145 9099
9145 61955
9145 35061
9145 13045
9145 31055
9145 12371
9145 12460
9145 13010
9145 15779
9145 15790
9145 21032
9145 21355
9145 31186
9145 31438
9145 34256
9145 34372
9145 35062
9145 41587
9145 41814
9145 47826
9145 49086
9145 49494
9145 49651
9145 49957
9145 50621
9145 50800
9145 62291
9145 196932
9145 197803
9145 200931
9145 202238
9145 204147
9145 205764
9145 207289
9145 211784
44231 20686
42605 206149
44530 8839
44530 9036
44530 20766
44530 29075
44530 29169
44530 30972
44530 35426
44530 35661
44530 39605
44530 41157
44530 41405
44530 197133
44530 203698
44530 201675
44530 52075
44530 205801
44530 202140
44530 44994
44530 203596
44530 59689
44530 60362
44530 209523
200086 25291
200086 51324
13101 8495
13101 29551
13101 25279
13101 33846
13101 49756
13101 208988
15372 21413
15372 208508
3331 56737
3331 8956
3331 21173
3331 41213
3331 61377
56737 8881
56737 8956
56737 61377
56737 204135
3337 61955
61955 31055
61955 44599
61955 51598
61955 204368
5401 34225
34225 202784
5405 25291
25291 8820
25291 12732
25291 13247
25291 50472
25291 29670
25291 60729
25291 25516
25291 31078
25291 34154
25291 34953
25291 39614
25291 41821
25291 43503
25291 43902
25291 44194
25291 44645
25291 48145
25291 48360
25291 48596
25291 49910
25291 50030
25291 50372
25291 57317
25291 59780
25291 60576
25291 62193
25291 197965
25291 201066
25291 201701
25291 201785
25291 203329
25291 204704
25291 204911
25291 205411
25291 206583
25291 209347
25291 210070
25291 211752
25291 212567
5410 44297
5430 60175
5430 62086
29075 8839
29075 9036
29075 13273
29075 16080
29075 20766
29075 21247
29075 25057
29075 28774
29075 211733
29075 34783
29075 35616
29075 39271
29075 39634
29075 39931
29075 41064
29075 41090
29075 41405
29075 41653
29075 41765
29075 42609
29075 42929
29075 44583
29075 44821
29075 47833
29075 48072
29075 48490
29075 48817
29075 48920
29075 49537
29075 49763
29075 49923
29075 50087
29075 50954
29075 51083
29075 51220
29075 51257
29075 51588
29075 52126
29075 57119
29075 57310
29075 58308
29075 59944
29075 60362
29075 60491
29075 61319
29075 62000
29075 62242
29075 197205
29075 197465
29075 197696
29075 197922
29075 198184
29075 199167
29075 199277
29075 199383
29075 199396
29075 199568
29075 199571
29075 199997
29075 200339
29075 200356
29075 200748
29075 201188
29075 201313
29075 202089
29075 202139
29075 202140
29075 203596
29075 203683
29075 206660
29075 206782
29075 207151
29075 207216
29075 207324
29075 208627
29075 208704
29075 209426
29075 209479
29075 209523
29075 209994
29075 210094
29075 210806
31216 29301
31216 35717
31216 39072
31216 39771
31216 42929
31216 43271
31216 43424
31216 44994
31216 45050
31216 50314
31216 60331
31216 60572
31216 60737
31216 197816
31216 202187
31216 203544
31216 210232
8723 39241
8309 15846
8309 31104
8309 39583
8309 56339
8309 57951
8309 204596
8309 206856
8309 207215
8309 209323
8309 211308
8309 213184
25540 39830
25540 43174
25540 57928
25540 200653
25540 202381
25540 202757
25540 205933
25540 209085
39180 35009
39180 41332
39180 41370
39180 44726
39180 47332
39180 48613
39180 50474
39180 51458
39180 51459
39180 57004
39180 60502
39180 61394
39180 64484
39180 197114
39180 197653
39180 198583
39180 199568
39180 201140
39180 201479
39180 201900
39180 202328
39180 203413
39180 203500
39180 207463
5539 8763
5539 34906
5539 197593
5539 204110
5539 205973
5605 34086
6659 61157
6659 34031
61157 15968
61157 20830
61157 38948
61157 42221
61157 44225
61157 197938
61157 206813
6724 8560
6724 6786
8560 209347
8560 51862
8560 206313
12306 12291
12306 12822
12306 15594
12306 16188
12306 20755
12306 29515
12306 30766
12306 31521
12306 39380
12306 41699
12306 44152
12306 47487
12306 49871
12306 62434
12306 200657
12306 202034
12306 204723
12306 205766
12306 209943
6735 8405
6735 202526
6786 34309
6786 203520
34309 8319
34309 8823
34309 8893
34309 12329
34309 12680
34309 15763
34309 16107
34309 16365
34309 21192
34309 21473
34309 25058
34309 28979
34309 29042
34309 33873
34309 199610
34309 34722
34309 34834
34309 34928
34309 39538
34309 42312
34309 42442
34309 43509
34309 43857
34309 44225
34309 44545
34309 45012
34309 47777
34309 60254
34309 61967
34309 62297
34309 62434
34309 197509
34309 198672
34309 200093
34309 201955
34309 203427
34309 205310
34309 206775
34309 208644
6805 211170
6805 12638
6805 25081
6805 31481
6805 42166
6805 60344
6805 198904
6805 201709
6805 201832
6805 208653
6805 209247
6805 210044
6805 212412
6833 34953
34953 24590
34953 28731
34953 42035
34953 44156
34953 48823
34953 58323
34953 60393
34953 205037
34953 209056
34953 209740
8208 8767
8208 12337
8208 202946
8767 48484
8767 12316
8767 8823
8767 8874
8767 12657
8767 12813
8767 12886
8767 12907
8767 12931
8767 13246
8767 16151
8767 20561
8767 20791
8767 24764
8767 24845
8767 25432
8767 29259
8767 29488
8767 31054
8767 31098
8767 31450
8767 33824
8767 39035
8767 41086
8767 41110
8767 41926
8767 42821
8767 42840
8767 44438
8767 48328
8767 50064
8767 51167
8767 51839
8767 57618
8767 60774
8767 197164
8767 197659
8767 197874
8767 198145
8767 199090
8767 199574
8767 199877
8767 200943
8767 201764
8767 202077
8767 202694
8767 202716
8767 203325
8767 204073
8767 204673
8767 205666
8767 205881
8767 206597
8767 206936
8767 207364
8767 207749
8767 208964
8767 209877
8767 209991
8767 210183
8767 210214
8767 211941
8767 212943
12337 8878
12337 20546
12337 25115
12337 31450
12337 34460
12337 34646
12337 44880
12337 47409
12337 47897
12337 52158
12337 56636
12337 60955
12337 61303
12337 198264
12337 200916
12337 204038
12337 204053
12337 205497
12337 206231
12337 207248
12337 209122
12337 209891
210879 48402
210879 210855
210879 210858
210879 35625
30972 44334
30972 212650
57348 35625
57348 57179
25358 50370
8292 24961
24961 9135
24961 12571
24961 21461
24961 205388
24961 29141
24961 34936
24961 35657
24961 39519
24961 41412
24961 41723
24961 42221
24961 43241
24961 49519
24961 49609
24961 50873
24961 51906
24961 59645
24961 60571
24961 61333
24961 62086
24961 62269
24961 198996
24961 201283
24961 201701
24961 203125
24961 204035
24961 207297
24961 207306
24961 208134
24961 208766
24961 209014
24961 210198
24961 211083
8303 43623
43623 21382
43623 31518
43623 41969
43623 200777
43623 204146
43623 204155
8319 203228
8319 21385
8319 30787
8319 31722
8319 44018
8319 47432
8319 57548
21385 12907
21385 15933
21385 48918
21385 21476
21385 25504
21385 47215
21385 48484
21385 51483
21385 198296
8351 8881
8881 8391
8881 8794
8881 8879
8881 196819
8881 200715
8881 41431
8881 44510
8881 49639
8881 16218
8881 209715
8881 21173
8881 50964
8881 39702
8881 35721
8881 48139
8881 20633
8881 201438
8881 60481
8881 201014
8881 58010
8881 204702
8881 202730
8881 200392
8881 200846
8881 201701
8881 207793
8881 207741
8881 210098
8881 50216
8881 35803
8881 15698
8881 8956
8881 34982
8881 42063
8881 25411
8881 20805
8881 25317
8881 31259
8881 12288
8881 12422
8881 12610
8881 12665
8881 12726
8881 12964
8881 15465
8881 15486
8881 15540
8881 15590
8881 15725
8881 16001
8881 16108
8881 20775
8881 20918
8881 21150
8881 21161
8881 21458
8881 21476
8881 24657
8881 24833
8881 24868
8881 25039
8881 25081
8881 29105
8881 29145
8881 29178
8881 29627
8881 30825
8881 31352
8881 31371
8881 33806
8881 33824
8881 33846
8881 34156
8881 35062
8881 35618
8881 38988
8881 39218
8881 40976
8881 41040
8881 41213
8881 41585
8881 41698
8881 42197
8881 42215
8881 42777
8881 42886
8881 43243
8881 43354
8881 43407
8881 44404
8881 47274
8881 47369
8881 48778
8881 49294
8881 49321
8881 50324
8881 50943
8881 50965
8881 50978
8881 51176
8881 51215
8881 52051
8881 56801
8881 56919
8881 57094
8881 57224
8881 57437
8881 59675
8881 59785
8881 60175
8881 60209
8881 60264
8881 60305
8881 61343
8881 62270
8881 196870
8881 197008
8881 197095
8881 197269
8881 197365
8881 199876
8881 200567
8881 200739
8881 200768
8881 201026
8881 201709
8881 201886
8881 203593
8881 203947
8881 204052
8881 204195
8881 204704
8881 204977
8881 205186
8881 205807
8881 206437
8881 206549
8881 207248
8881 207597
8881 208236
8881 208372
8881 208545
8881 208571
8881 208665
8881 208868
8881 209322
8881 209689
8881 209744
8881 209830
8881 210585
8881 210653
8881 210967
8881 211161
8881 212341
8881 212403
8881 212412
8881 212587
8881 213062
35548 33933
35548 44700
35548 198018
35548 58211
35548 209915
8373 199104
8375 31399
8375 34171
8375 208484
8391 50611
8391 8561
8391 15763
8391 31056
8399 57877
8399 51057
8399 205215
8422 12579
8422 12581
8422 24861
8422 33984
8422 34015
8422 34457
8422 34564
8422 44156
8422 44215
8422 48290
8422 48572
8422 48823
8422 51733
8422 58323
8422 60063
8422 60209
8422 60393
8422 60997
8422 197777
8422 200777
8422 201652
8422 201685
8422 202577
8422 205037
8422 206211
8422 208228
8422 209056
8422 212033
8454 42184
42184 43397
42184 48352
42184 49552
42184 196731
42184 196932
42184 204989
42184 210035
8487 39480
8487 60718
8487 197551
8487 199275
8487 199485
8487 203058
8487 203734
8487 206656
8487 206874
25504 204135
25504 35292
8495 25486
8495 42034
8495 57407
8495 60295
8495 196624
8554 200435
8561 48519
8561 15763
15763 12329
15763 15486
15763 34722
15763 41585
15763 42691
15763 43455
15763 48778
15763 49161
15763 50407
15763 56919
15763 58149
15763 200931
15763 206341
15763 210437
8565 16347
8565 41291
8565 31693
16347 57809
16347 51806
16347 196633
16347 61136
16347 31132
16347 45039
16347 47300
16347 49068
16347 49961
16347 51455
16347 197485
16347 197778
16347 199117
16347 201961
16347 202215
16347 206709
16347 210403
16347 212208
8569 39290
8648 45031
8649 197071
8649 197160
197071 56381
197071 30823
197071 12586
197071 201222
197071 203854
197071 205094
197071 205388
197071 211301
197071 212586
8677 47957
47957 48483
47957 212603
8735 15598
8735 21150
15598 21150
15598 34460
15598 20676
15598 24836
15598 24898
15598 28902
15598 35003
15598 42840
15598 47897
15598 60164
15598 60845
15598 202108
15598 208681
21150 15465
21150 20594
21150 21026
21150 43978
21150 47696
8741 20686
20686 205382
20686 205496
8763 31529
48484 58129
12316 20595
8804 20755
8804 39209
8804 41293
8820 25276
8820 43910
8820 41692
8820 15987
8820 43140
8820 60128
25276 13247
43910 12502
41692 13247
41692 15844
41692 47138
41692 49609
41692 47347
41692 207499
8823 12610
8823 20653
8823 44974
8823 212181
8839 200821
8859 64427
8875 12732
12732 30742
12732 15657
12732 15731
12732 25516
12732 39614
12732 44716
12732 203965
8878 44229
8879 12437
8879 39077
196819 210298
41431 39702
39702 25419
39702 48132
39702 57607
39702 197491
39702 202698
39702 207404
201014 16097
58010 205766
58010 211030
200392 15366
200846 60294
201701 44194
201701 9136
201701 207871
207793 24940
15698 41998
34982 20676
25317 203593
31259 21413
8893 20692
8893 39227
8893 52001
8893 209114
8893 210236
8893 210336
8925 198967
198967 12460
198967 12466
198967 25102
198967 43155
198967 197932
198967 204065
198967 207486
8937 9063
9063 196763
9063 9188
9063 12431
9063 211075
9063 9067
9063 12404
9063 20795
9063 29510
9063 31049
9063 34240
9063 38927
9063 44064
9063 51137
9063 60351
9063 61310
9063 61415
9063 203412
9063 203427
9063 208238
9063 208484
9063 210521
8972 20773
20773 20738
20773 21499
20773 21501
20773 29066
20773 34011
20773 34289
20773 60253
9003 12670
12670 50779
12670 12727
12670 34970
12670 43734
12670 44986
12670 48799
12670 51455
12670 51870
12670 197485
12670 201072
12670 201900
9020 199578
9030 48314
9030 42008
48314 34549
48314 44066
48314 44486
48314 202592
9036 57284
196763 60351
196763 42652
9188 25394
9188 204636
12431 42652
211075 42652
9066 206761
9066 206618
9066 201035
206618 9136
9067 60400
9135 60294
9135 44700
60294 34372
60294 41776
60294 44819
60294 62291
60294 204672
60294 205542
60294 212472
44700 21461
44700 44180
44700 60789
44700 207686
9136 13130
9136 12748
9136 24956
9136 34219
9136 208395
9136 208942
9136 213027
35061 59790
13045 24939
13045 33940
13045 203894
13045 205477
13045 205505
13045 209379
13045 210217
31055 44599
9149 39781
39781 47314
9182 34372
9182 31348
25394 9197
25394 12915
25394 20792
25394 25560
25394 31147
25394 34219
25394 41163
25394 41723
25394 42034
25394 43150
25394 49499
25394 50978
25394 59790
25394 198205
25394 198956
25394 202741
25394 203347
25394 207580
25394 208085
25394 209379
25394 209981
25394 211909
25394 213209
13135 207460
12292 21473
21473 15492
21473 211417
21473 24635
21473 29236
21473 35265
21473 43186
21473 56368
21473 61310
21473 200801
21473 202113
21473 202661
21473 203604
21473 205843
21473 206906
21473 209400
21473 209917
21473 211331
21473 212226
12312 15550
12312 12726
12312 21336
12312 35679
12312 41926
12312 60272
12312 207364
12312 213211
15550 12897
12329 29484
12329 60522
12329 197990
12329 202789
12331 51402
51402 41110
51402 51378
51402 212181
12348 12655
12348 49735
12355 39138
39138 31371
39138 35675
39138 41981
39138 200561
39138 206341
12360 43701
12360 201157
12360 203441
12374 20676
20676 12598
20676 16107
20676 28693
20676 35208
20676 50455
20676 59971
20676 199597
20676 201809
20676 203293
20676 203865
12399 209405
42652 16017
42652 30766
42652 34240
42652 44569
42652 50332
42652 200397
42652 201370
42652 203412
42652 205543
42652 208574
12440 44795
12480 15363
12480 29010
12480 34701
12480 39100
12480 44177
12480 51887
12502 33843
12502 49499
12502 59775
12502 203132
12502 206394
12502 209846
12536 43531
43531 29301
43531 35717
43531 39072
43531 39771
43531 42929
43531 43271
43531 43424
43531 212228
43531 60572
43531 197816
43531 45050
43531 202187
43531 60737
43531 199121
43531 44994
43531 50314
43531 209453
43531 203544
43531 210232
12546 20677
20677 206339
12574 48823
48823 31333
48823 34685
12586 34764
12586 41723
12586 42596
12586 47138
12586 47670
12586 49296
12586 51058
12586 57222
12586 57433
12586 57821
12586 61430
12586 196609
12586 206423
12611 60169
12611 13012
12611 20902
12611 204796
12611 205033
60169 47297
60169 48284
60169 57154
60169 29413
12645 20900
20900 47233
20900 204212
20900 204516
20900 204835
20900 209483
12657 35003
12665 48918
48918 13233
48918 20802
48918 20855
48918 25058
48918 34172
48918 35242
48918 43722
48918 50533
48918 51215
48918 56863
48918 59745
48918 59775
48918 61183
48918 200465
48918 205612
48918 205854
48918 208163
48918 208175
48918 209110
48918 209257
48918 212246
12693 203536
12693 47369
12693 59675
12693 61028
12693 201545
12693 202373
12693 202680
12693 205806
12693 207503
12693 208849
12693 208968
12693 209729
203536 12941
203536 208968
12727 208574
12727 208719
58243 16097
58243 24978
58243 35205
58243 48585
58243 50064
58243 21413
58243 202208
58243 205582
58243 212613
30742 21355
30742 35321
30742 41587
30742 199725
30742 205764
30742 207630
30742 207878
30742 208463
30742 210759
30742 211296
12759 28731
12759 39835
12816 209335
13054 200924
13054 61343
207572 41998
12897 13167
12897 28714
12897 31517
12897 35679
12897 39380
12897 62434
12897 200657
12897 201339
12897 203604
12897 208162
12941 60400
12941 196968
12941 197063
12941 202707
13012 29008
29008 28876
29008 212989
200924 212693
13058 20488
13058 34171
29551 24603
29551 24632
29551 29471
29551 34396
29551 35684
29551 41399
29551 44207
29551 48344
29551 51795
29551 57089
29551 62354
29551 64475
29551 202701
29551 208498
13157 59507
59507 42562
59507 201035
13193 50858
13193 34659
13193 49463
13193 51326
13193 57591
13193 60362
13193 201084
34659 50796
13247 51378
13247 207499
13247 212943
13251 21413
13251 16097
21413 15540
21413 205582
21413 24940
21413 30774
21413 31723
21413 35065
21413 35170
21413 42699
21413 43329
21413 45012
21413 47518
21413 48154
21413 51401
21413 59921
21413 61352
21413 62365
21413 197558
21413 200599
21413 201059
21413 201600
21413 201832
21413 204877
21413 204924
21413 205435
21413 205741
21413 206196
21413 206978
21413 206990
21413 207077
21413 207210
21413 211007
21413 213275
16097 199284
16097 16202
16097 20880
16097 30774
16097 31723
16097 35242
16097 35244
16097 35366
16097 35515
16097 44365
16097 47518
16097 48111
16097 48153
16097 49081
16097 50050
16097 62365
16097 200599
16097 204924
16097 205582
16097 206196
16097 206240
16097 209620
16097 210785
16097 211007
16097 211873
13282 24606
13289 29624
13289 60774
15366 57780
15366 198904
15401 60595
15492 15945
15945 200801
15945 209400
15945 209917
15580 24989
15580 203584
24989 57190
24989 204253
24989 206775
24989 209793
24989 209979
24989 209991
15657 57342
41998 30915
41998 31007
41998 39913
41998 41700
41998 51417
41998 200638
41998 201734
41998 202462
41998 203085
41998 203829
41998 203865
41998 206374
41998 207253
41998 208887
41998 209044
41998 209081
41998 209467
41998 210585
41998 211737
41998 212403
15725 199284
15725 196714
15725 49885
15725 204052
199284 196714
196714 16277
196714 28748
196714 43847
196714 50696
196714 62460
196714 208451
196714 200423
196714 204195
196714 208929
15743 25038
15743 203894
15743 205831
15829 34444
34444 29137
15866 24940
24940 51895
24940 57037
24940 60574
24940 199644
24940 200303
24940 201206
24940 204591
24940 205071
24940 208989
24940 209148
24940 210143
24940 210570
24940 210803
15904 51167
51167 208549
15943 24657
15943 29042
15943 35391
15943 49473
15943 50943
15943 60264
15943 60664
15943 197008
15943 199273
15943 200567
15943 200978
15943 203046
15943 204977
15943 205310
15943 210303
15943 211820
15960 61969
15960 199294
15960 204110
15987 205112
205112 25486
205112 48821
205112 60123
205112 212567
205112 207160
205112 206356
205112 210780
16057 43646
43646 52039
16080 34913
16148 50533
50533 33808
50533 203836
50533 205321
50533 205427
16202 20880
16202 34256
16205 29627
16205 38914
16205 206303
16205 208508
16205 209322
16276 34088
16276 35540
16276 52221
16276 64476
16316 33896
16316 205931
196633 29608
20488 34171
20493 197133
197133 61236
20565 49920
20570 48951
20647 31529
20647 33811
20647 34591
20647 49130
20647 49225
20647 50030
20647 62317
20647 199118
20647 199645
20647 200770
20647 202579
20647 206028
20647 212583
20755 48200
48200 29423
48200 35710
48200 44833
48200 60164
48200 61381
48200 200548
48200 204053
20766 207324
20766 29608
20766 35616
20766 48920
20766 60197
20766 204708
29608 39072
29608 42208
29608 50982
29608 200162
29608 201080
29608 205010
29608 210664
29608 213110
20768 24764
20783 50179
20810 39835
20810 205376
20810 212367
20902 57395
20902 57684
20902 64396
57395 51379
57684 35388
20926 209525
20986 57902
57902 58208
57902 60703
57902 199199
20994 35238
21158 29670
21158 34568
29670 48387
29670 59645
29670 60729
29670 60802
29670 200490
29670 208135
29670 212520
34568 30962
21263 30791
21263 33814
21263 34125
21263 41504
21263 47297
21263 56984
21263 202526
21263 203293
21263 205844
21263 212038
24590 29373
24679 44780
24679 210909
24843 43930
24935 35625
35625 31235
35625 35189
35625 35600
35625 199758
35625 39405
35625 49960
35625 51257
35625 59859
35625 60555
35625 199917
35625 202449
35625 203386
35625 205068
35625 205149
35625 205761
35625 207719
35625 209349
35625 209994
24978 28876
28876 44974
28876 50642
28876 198570
28876 200062
28876 207749
25054 39835
39835 197639
39835 201396
39835 205376
25063 42840
25081 42698
25220 29658
25220 201066
203593 29408
203593 202333
203593 202957
203593 205700
203593 207946
25538 48284
48284 202217
48284 208527
25560 61967
25593 209304
28748 203761
28768 35667
28768 42970
28855 51243
29014 203017
29014 208843
29014 210336
29014 211547
29014 213319
29037 29316
29037 203437
29037 205660
29037 206063
29037 208106
29092 199483
199483 34000
199483 51588
199483 197369
199483 207430
29152 43436
29152 57642
29152 200050
29152 211925
29169 50902
29169 203476
29169 209453
29394 34549
34549 208431
34549 49697
34549 56381
34549 51058
34549 51699
34549 60767
34549 62269
34549 200462
34549 202827
34549 203446
34549 205597
34549 205948
34549 206479
34549 206813
34549 207439
34549 207732
34549 207902
34549 207999
34549 210937
34549 213151
34549 213392
29404 34154
29404 209216
34154 61430
34154 202034
34154 203175
29413 49696
29605 203361
29686 42442
29686 206293
29686 211600
30741 39405
39405 34493
39405 48613
39405 197422
39405 197492
39405 198682
39405 201828
39405 201868
39405 203326
39405 209349
30823 213382
30823 43043
30823 49581
30823 60802
30823 200303
30823 208236
30823 213250
213382 203446
213382 209186
30839 34572
34572 34542
34572 31167
34572 39830
34572 42308
34572 50036
34572 60226
30919 57119
30962 41108
30962 44335
30962 196922
31010 31078
31078 48173
31078 50575
31078 208262
31078 211752
48173 43503
48173 48145
48173 48596
48173 51922
48173 57243
48173 59568
48173 59780
48173 62193
48173 202499
31103 43847
31103 202252
31103 209610
31103 210304
31167 48072
31167 209920
31167 31693
31167 39509
31167 49961
31167 51128
31167 57943
31167 60718
31167 198239
31167 199485
31167 202089
31167 206874
31167 209479
31167 209532
31167 211858
48072 209993
31184 45031
45031 202753
31221 205939
31371 35675
31396 48646
48646 39083
48646 49697
48646 208059
48646 203478
48646 206313
48646 208183
48646 209859
48646 210168
48646 211960
48646 211972
31400 44066
44066 50198
44066 204119
44066 206423
44066 207298
44066 209169
44066 212302
44066 212586
31529 208366
31564 200906
31564 212424
31572 47777
47777 212257
31576 39053
31576 199396
33843 47138
33843 203546
33843 206394
33843 209846
33873 51401
33930 44850
34006 204273
34156 35368
34191 203215
34191 198333
203215 198333
34308 35208
199610 49697
34461 57154
208431 213299
208431 213342
49697 196610
49697 208059
49697 56381
49697 60767
49697 206479
49697 212567
56381 208814
34704 57752
34704 58004
57752 35101
57752 44842
57752 198034
57752 198575
57752 204140
34793 198930
198930 212341
34863 197618
34878 58069
34878 213068
34997 48596
35039 205356
35039 202926
35039 206277
35039 199928
35039 205159
202926 203078
59790 41110
35077 50628
35077 201950
50628 202850
50628 205344
50628 205684
50628 206914
50628 207642
50628 210745
35258 211656
35300 57633
35453 48817
48817 59852
48817 204344
35600 47612
35657 42989
42989 51201
35661 39792
35661 211484
35665 200906
35717 41045
39072 201516
39086 51269
51269 62000
51269 56992
39271 197548
39305 58208
39305 204887
39305 208607
39378 47447
47447 48927
47447 60991
39421 203698
203698 205344
203698 211850
39441 48585
39444 202604
39444 205319
39506 198985
39583 48310
39605 200271
39605 200356
39801 199422
39892 200797
41108 59752
41108 207910
41108 209859
41114 62038
41114 210051
41114 212832
41157 208261
41157 208436
41163 198726
198726 200119
198726 202245
198726 204138
198726 204672
198726 205869
198726 211800
41293 196616
41412 212688
41451 50873
50873 44409
50873 49436
50873 60316
41653 208069
47138 203440
41731 196610
196610 60767
196610 51531
41765 200607
41765 49553
41765 209053
41893 42699
41944 58212
58212 44486
42258 44494
42335 200303
200303 203437
200303 208976
42487 204645
42596 49836
42596 56942
42845 43121
42845 198978
42845 199117
42929 44606
43140 203440
43142 51459
43142 60502
43142 207463
43142 209095
43142 209097
43142 209760
43142 213317
197816 204145
43619 204515
43654 201635
201635 44141
43847 208994
43857 49220
44023 199163
44076 206880
44141 197551
44141 207051
44141 212933
44334 48069
44407 207392
44407 213047
44486 49581
44486 207048
44486 209824
203596 206443
44902 203413
44973 44974
44973 59474
44974 203986
47215 199412
47297 212038
47372 208444
47484 212815
212815 47891
212815 201636
212815 203355
212815 204372
212815 207320
212815 211448
47833 49028
49028 48213
49028 64484
49028 207435
49028 209475
49028 209766
47977 209027
48213 211492
48328 204250
48483 199144
48809 204818
49555 199749
199749 49881
49581 213200
49619 212041
49855 199786
49855 204065
50030 60003
50050 208290
50246 203329
203329 62075
203329 208025
50446 198060
50446 212207
50469 59921
50621 212284
50768 198710
50818 198126
50818 204887
50818 209146
50818 210601
50903 204708
51075 204869
204869 61193
204869 206390
204869 208195
51114 201609
51131 211643
51131 211682
51131 211823
51531 205530
51576 196922
196922 202401
196922 213300
51906 205868
56339 208275
56339 208937
56339 211008
56339 211009
56339 212489
57179 211068
57373 211850
57433 59592
57433 60461
58208 60703
59710 197659
59877 203797
59877 203901
59877 208957
59877 208963
60032 206296
60032 208684
60207 60350
60983 209255
60983 199881
60983 202328
60983 203352
60983 203500
60983 209385
209255 199881
209255 203500
209255 209385
60994 198545
61430 203123
61430 204883
61984 64444
62365 201729
62365 205691
62365 206240
62365 206303
62365 208470
197033 202755
197033 206120
197558 211657
197732 198239
197890 204035
204035 213251
198330 204046
198330 209097
198330 209928
198507 203382
198507 205669
198507 208705
198570 202810
198682 209966
199248 210839
199938 201709
200486 202701
202701 208101
200490 203038
200638 213273
200797 207048
200797 209509
201281 213110
213110 202945
213110 208074
213110 210118
201939 209349
209349 211919
202089 208957
202113 204310
202245 212509
202329 204680
204680 202539
204680 208854
204680 208974
203446 209186
203500 206398
204092 207910
204092 208627
204092 206155
204092 208567
204092 208585
204092 209090
207910 211882
207910 208627
207910 212324
207910 212760
208627 208567
204252 204672
204355 206865
204515 212424
205122 205845
205769 212148
206236 208942
208942 207921
207671 207921
211882 209090
207921 208135
207921 208230
207992 209468
208705 212972
208968 210557
